{
 "cells": [
  {
   "cell_type": "code",
   "execution_count": 1,
   "metadata": {},
   "outputs": [],
   "source": [
    "import pandas as pd\n",
    "import geopandas as gpd\n",
    "import numpy as np\n",
    "import plotly.express as px\n",
    "import matplotlib.pyplot as plt\n",
    "from pyproj import Transformer\n",
    "import requests\n",
    "import plotly.graph_objects as go\n",
    "import statsmodels.api as sm \n",
    "import statsmodels.formula.api as smf \n",
    "import seaborn as sns\n"
   ]
  },
  {
   "cell_type": "code",
   "execution_count": 2,
   "metadata": {},
   "outputs": [
    {
     "name": "stderr",
     "output_type": "stream",
     "text": [
      "C:\\Users\\tjibb\\AppData\\Local\\Temp\\ipykernel_22208\\2897929023.py:14: DtypeWarning: Columns (1,24,39) have mixed types. Specify dtype option on import or set low_memory=False.\n",
      "  ongevallen = pd.read_csv(r\"C:\\Users\\tjibb\\Documents\\school\\jaar_3\\minor\\eind_prestentatie\\verkeer\\PGS0112-o-CSV-bestand-J-1-N-N-N\\Ongevallengegevens\\ongevallen.txt\", encoding=\"ISO-8859-15\")\n"
     ]
    }
   ],
   "source": [
    "weer_api = pd.read_csv(r\"C:\\Users\\tjibb\\Documents\\school\\jaar_3\\minor\\eind_prestentatie\\apidata_2021.csv\")\n",
    "weer= pd.read_csv(r\"C:\\Users\\tjibb\\Documents\\school\\jaar_3\\minor\\eind_prestentatie\\weerstations_noordholland_v.2.csv\", sep= \";\")\n",
    "weer = gpd.GeoDataFrame(weer, geometry=gpd.GeoSeries.from_wkt(weer['WKT']))\n",
    "weer['STN']=weer['STN_y']\n",
    "weer.drop(columns=['WKT', 'STN_x', 'STN_y'], inplace=True)\n",
    "hectointervallen = pd.read_csv(r\"C:\\Users\\tjibb\\Documents\\school\\jaar_3\\minor\\eind_prestentatie\\verkeer\\PGS0112-o-CSV-bestand-J-1-N-N-N\\Netwerkgegevens\\hectointervallen.txt\") \n",
    "hectointervallen = hectointervallen[hectointervallen.nunique()[hectointervallen.nunique() != 1].index]\n",
    "hectopunten = pd.read_csv(r\"C:\\Users\\tjibb\\Documents\\school\\jaar_3\\minor\\eind_prestentatie\\verkeer\\PGS0112-o-CSV-bestand-J-1-N-N-N\\Netwerkgegevens\\hectopunten.txt\") \n",
    "hectopunten = hectopunten[hectopunten.nunique()[hectopunten.nunique() != 1].index]\n",
    "juncties = pd.read_csv(r\"C:\\Users\\tjibb\\Documents\\school\\jaar_3\\minor\\eind_prestentatie\\verkeer\\PGS0112-o-CSV-bestand-J-1-N-N-N\\Netwerkgegevens\\juncties.txt\") \n",
    "juncties = juncties[juncties.nunique()[juncties.nunique() != 1].index]\n",
    "puntlocaties = pd.read_csv(r\"C:\\Users\\tjibb\\Documents\\school\\jaar_3\\minor\\eind_prestentatie\\verkeer\\PGS0112-o-CSV-bestand-J-1-N-N-N\\Netwerkgegevens\\puntlocaties.txt\") \n",
    "puntlocaties = puntlocaties[puntlocaties.nunique()[puntlocaties.nunique() != 1].index]\n",
    "ongevallen = pd.read_csv(r\"C:\\Users\\tjibb\\Documents\\school\\jaar_3\\minor\\eind_prestentatie\\verkeer\\PGS0112-o-CSV-bestand-J-1-N-N-N\\Ongevallengegevens\\ongevallen.txt\", encoding=\"ISO-8859-15\")\n",
    "ongevallen = ongevallen[ongevallen.nunique()[ongevallen.nunique() != 1].index]\n",
    "ongevallen.drop(columns=['PVOPGEM', 'WVL_ID','WVG_ID', 'WVG_AN', 'WDK_ID', 'WDK_AN',\n",
    "                         'LGD_ID', 'BZD_ID_VM1','BZD_ID_VM2', 'BZD_ID_VM3', 'BZD_VM_AN', 'BZD_ID_IF1', 'BZD_ID_IF2',\n",
    "                         'BZD_ID_IF3', 'BZD_IF_AN', 'BZD_ID_TA1', 'BZD_ID_TA2', 'BZD_ID_TA3', 'HUISNUMMER'], inplace=True)\n"
   ]
  },
  {
   "cell_type": "code",
   "execution_count": 3,
   "metadata": {},
   "outputs": [
    {
     "name": "stderr",
     "output_type": "stream",
     "text": [
      "C:\\Users\\tjibb\\AppData\\Local\\Temp\\ipykernel_22208\\3343418178.py:16: SettingWithCopyWarning: \n",
      "A value is trying to be set on a copy of a slice from a DataFrame.\n",
      "Try using .loc[row_indexer,col_indexer] = value instead\n",
      "\n",
      "See the caveats in the documentation: https://pandas.pydata.org/pandas-docs/stable/user_guide/indexing.html#returning-a-view-versus-a-copy\n",
      "  df2['X']=df2['X_COORD_x']\n",
      "C:\\Users\\tjibb\\AppData\\Local\\Temp\\ipykernel_22208\\3343418178.py:17: SettingWithCopyWarning: \n",
      "A value is trying to be set on a copy of a slice from a DataFrame.\n",
      "Try using .loc[row_indexer,col_indexer] = value instead\n",
      "\n",
      "See the caveats in the documentation: https://pandas.pydata.org/pandas-docs/stable/user_guide/indexing.html#returning-a-view-versus-a-copy\n",
      "  df2['Y']=df2['Y_COORD_x']\n",
      "C:\\Users\\tjibb\\AppData\\Local\\Temp\\ipykernel_22208\\3343418178.py:18: SettingWithCopyWarning: \n",
      "A value is trying to be set on a copy of a slice from a DataFrame\n",
      "\n",
      "See the caveats in the documentation: https://pandas.pydata.org/pandas-docs/stable/user_guide/indexing.html#returning-a-view-versus-a-copy\n",
      "  df2.drop(columns=['X_COORD_x', 'Y_COORD_x'], inplace=True)\n"
     ]
    }
   ],
   "source": [
    "samengevoegd_df = ongevallen.merge(juncties, on='JTE_ID', how='left')\n",
    "samengevoegd_df['FK_VELD5']=samengevoegd_df['FK_VELD5_y']\n",
    "samengevoegd_df = samengevoegd_df.merge(puntlocaties, on='FK_VELD5', how='left')\n",
    "samengevoegd_df = samengevoegd_df.merge(puntlocaties, on='FK_VELD5', how='left')\n",
    "df= samengevoegd_df\n",
    "samengevoegd_df = df[df.nunique()[df.nunique() != 1].index]\n",
    "samengevoegd_df.drop(columns=['AP4_CODE', 'AP5_CODE', 'FK_VELD5_y', 'X_COORD_y', 'Y_COORD_y', \n",
    "                              'ANTL_SLA', 'ANTL_DOD', 'ANTL_GZH', 'DATUM_VKL', 'DAG_CODE', 'MND_NUMMER',\n",
    "                              'TIJDSTIP', 'UUR', 'DDL_ID', 'DAGTYPE', 'WEEKNR',\n",
    "                              'ANTL_SEH','ANTL_GOV','ANTL_TDT', 'MNE_CODE', 'ZAD_ID', 'WGD_CODE_2',\n",
    "                              'IND_ALC'], inplace=True)\n",
    "\n",
    "df= samengevoegd_df\n",
    "# df.columns\n",
    "df2=df[['X_COORD_x', 'Y_COORD_x', 'VKL_NUMMER', 'AP3_CODE', 'ANTL_PTJ', 'AOL_ID', 'BEBKOM', 'WGD_CODE_1']]\n",
    "df2['X']=df2['X_COORD_x']\n",
    "df2['Y']=df2['Y_COORD_x']\n",
    "df2.drop(columns=['X_COORD_x', 'Y_COORD_x'], inplace=True)"
   ]
  },
  {
   "cell_type": "code",
   "execution_count": 4,
   "metadata": {},
   "outputs": [
    {
     "name": "stderr",
     "output_type": "stream",
     "text": [
      "C:\\Users\\tjibb\\AppData\\Local\\Temp\\ipykernel_22208\\3967659008.py:4: SettingWithCopyWarning: \n",
      "A value is trying to be set on a copy of a slice from a DataFrame.\n",
      "Try using .loc[row_indexer,col_indexer] = value instead\n",
      "\n",
      "See the caveats in the documentation: https://pandas.pydata.org/pandas-docs/stable/user_guide/indexing.html#returning-a-view-versus-a-copy\n",
      "  df2[\"X\"] = xx\n",
      "C:\\Users\\tjibb\\AppData\\Local\\Temp\\ipykernel_22208\\3967659008.py:5: SettingWithCopyWarning: \n",
      "A value is trying to be set on a copy of a slice from a DataFrame.\n",
      "Try using .loc[row_indexer,col_indexer] = value instead\n",
      "\n",
      "See the caveats in the documentation: https://pandas.pydata.org/pandas-docs/stable/user_guide/indexing.html#returning-a-view-versus-a-copy\n",
      "  df2[\"Y\"] = yy\n",
      "C:\\Users\\tjibb\\AppData\\Local\\Temp\\ipykernel_22208\\3967659008.py:6: SettingWithCopyWarning: \n",
      "A value is trying to be set on a copy of a slice from a DataFrame.\n",
      "Try using .loc[row_indexer,col_indexer] = value instead\n",
      "\n",
      "See the caveats in the documentation: https://pandas.pydata.org/pandas-docs/stable/user_guide/indexing.html#returning-a-view-versus-a-copy\n",
      "  df2[\"X\"] = (df2[\"X\"]/64000)+3\n",
      "C:\\Users\\tjibb\\AppData\\Local\\Temp\\ipykernel_22208\\3967659008.py:7: SettingWithCopyWarning: \n",
      "A value is trying to be set on a copy of a slice from a DataFrame.\n",
      "Try using .loc[row_indexer,col_indexer] = value instead\n",
      "\n",
      "See the caveats in the documentation: https://pandas.pydata.org/pandas-docs/stable/user_guide/indexing.html#returning-a-view-versus-a-copy\n",
      "  df2[\"Y\"] = (df2[\"Y\"]/110000)+48\n"
     ]
    },
    {
     "data": {
      "text/html": [
       "<div>\n",
       "<style scoped>\n",
       "    .dataframe tbody tr th:only-of-type {\n",
       "        vertical-align: middle;\n",
       "    }\n",
       "\n",
       "    .dataframe tbody tr th {\n",
       "        vertical-align: top;\n",
       "    }\n",
       "\n",
       "    .dataframe thead th {\n",
       "        text-align: right;\n",
       "    }\n",
       "</style>\n",
       "<table border=\"1\" class=\"dataframe\">\n",
       "  <thead>\n",
       "    <tr style=\"text-align: right;\">\n",
       "      <th></th>\n",
       "      <th>X</th>\n",
       "      <th>Y</th>\n",
       "      <th>VKL_NUMMER</th>\n",
       "      <th>AP3_CODE</th>\n",
       "      <th>ANTL_PTJ</th>\n",
       "      <th>AOL_ID</th>\n",
       "      <th>BEBKOM</th>\n",
       "      <th>WGD_CODE_1</th>\n",
       "      <th>geometry</th>\n",
       "    </tr>\n",
       "  </thead>\n",
       "  <tbody>\n",
       "    <tr>\n",
       "      <th>8</th>\n",
       "      <td>5.698422</td>\n",
       "      <td>51.700464</td>\n",
       "      <td>20210000435</td>\n",
       "      <td>DOD</td>\n",
       "      <td>2</td>\n",
       "      <td>7</td>\n",
       "      <td>BI</td>\n",
       "      <td>D</td>\n",
       "      <td>POINT (5.69842 51.70046)</td>\n",
       "    </tr>\n",
       "    <tr>\n",
       "      <th>16</th>\n",
       "      <td>5.440999</td>\n",
       "      <td>51.761055</td>\n",
       "      <td>20210000567</td>\n",
       "      <td>DOD</td>\n",
       "      <td>2</td>\n",
       "      <td>7</td>\n",
       "      <td>BU</td>\n",
       "      <td>D</td>\n",
       "      <td>POINT (5.44100 51.76105)</td>\n",
       "    </tr>\n",
       "    <tr>\n",
       "      <th>17</th>\n",
       "      <td>6.486673</td>\n",
       "      <td>52.904554</td>\n",
       "      <td>20210000568</td>\n",
       "      <td>DOD</td>\n",
       "      <td>2</td>\n",
       "      <td>7</td>\n",
       "      <td>BU</td>\n",
       "      <td>D</td>\n",
       "      <td>POINT (6.48667 52.90455)</td>\n",
       "    </tr>\n",
       "    <tr>\n",
       "      <th>25</th>\n",
       "      <td>4.427013</td>\n",
       "      <td>51.588056</td>\n",
       "      <td>20210072804</td>\n",
       "      <td>UMS</td>\n",
       "      <td>2</td>\n",
       "      <td>7</td>\n",
       "      <td>BI</td>\n",
       "      <td>D</td>\n",
       "      <td>POINT (4.42701 51.58806)</td>\n",
       "    </tr>\n",
       "    <tr>\n",
       "      <th>29</th>\n",
       "      <td>6.990462</td>\n",
       "      <td>53.006926</td>\n",
       "      <td>20210074980</td>\n",
       "      <td>UMS</td>\n",
       "      <td>2</td>\n",
       "      <td>7</td>\n",
       "      <td>BI</td>\n",
       "      <td>D</td>\n",
       "      <td>POINT (6.99046 53.00693)</td>\n",
       "    </tr>\n",
       "    <tr>\n",
       "      <th>...</th>\n",
       "      <td>...</td>\n",
       "      <td>...</td>\n",
       "      <td>...</td>\n",
       "      <td>...</td>\n",
       "      <td>...</td>\n",
       "      <td>...</td>\n",
       "      <td>...</td>\n",
       "      <td>...</td>\n",
       "      <td>...</td>\n",
       "    </tr>\n",
       "    <tr>\n",
       "      <th>113144</th>\n",
       "      <td>5.783843</td>\n",
       "      <td>51.445289</td>\n",
       "      <td>20210027300</td>\n",
       "      <td>UMS</td>\n",
       "      <td>3</td>\n",
       "      <td>7</td>\n",
       "      <td>BU</td>\n",
       "      <td>D</td>\n",
       "      <td>POINT (5.78384 51.44529)</td>\n",
       "    </tr>\n",
       "    <tr>\n",
       "      <th>113147</th>\n",
       "      <td>6.821636</td>\n",
       "      <td>53.241292</td>\n",
       "      <td>20210027330</td>\n",
       "      <td>UMS</td>\n",
       "      <td>2</td>\n",
       "      <td>0</td>\n",
       "      <td>BI</td>\n",
       "      <td>D</td>\n",
       "      <td>POINT (6.82164 53.24129)</td>\n",
       "    </tr>\n",
       "    <tr>\n",
       "      <th>113150</th>\n",
       "      <td>4.806394</td>\n",
       "      <td>52.453405</td>\n",
       "      <td>20210027591</td>\n",
       "      <td>UMS</td>\n",
       "      <td>3</td>\n",
       "      <td>9</td>\n",
       "      <td>BI</td>\n",
       "      <td>D</td>\n",
       "      <td>POINT (4.80639 52.45340)</td>\n",
       "    </tr>\n",
       "    <tr>\n",
       "      <th>113151</th>\n",
       "      <td>4.558489</td>\n",
       "      <td>52.098595</td>\n",
       "      <td>20210027600</td>\n",
       "      <td>UMS</td>\n",
       "      <td>3</td>\n",
       "      <td>7</td>\n",
       "      <td>BI</td>\n",
       "      <td>D</td>\n",
       "      <td>POINT (4.55849 52.09860)</td>\n",
       "    </tr>\n",
       "    <tr>\n",
       "      <th>113152</th>\n",
       "      <td>4.590681</td>\n",
       "      <td>52.007347</td>\n",
       "      <td>20210027602</td>\n",
       "      <td>UMS</td>\n",
       "      <td>4</td>\n",
       "      <td>0</td>\n",
       "      <td>BU</td>\n",
       "      <td>D</td>\n",
       "      <td>POINT (4.59068 52.00735)</td>\n",
       "    </tr>\n",
       "  </tbody>\n",
       "</table>\n",
       "<p>26617 rows × 9 columns</p>\n",
       "</div>"
      ],
      "text/plain": [
       "               X          Y   VKL_NUMMER AP3_CODE  ANTL_PTJ  AOL_ID BEBKOM  \\\n",
       "8       5.698422  51.700464  20210000435      DOD         2       7     BI   \n",
       "16      5.440999  51.761055  20210000567      DOD         2       7     BU   \n",
       "17      6.486673  52.904554  20210000568      DOD         2       7     BU   \n",
       "25      4.427013  51.588056  20210072804      UMS         2       7     BI   \n",
       "29      6.990462  53.006926  20210074980      UMS         2       7     BI   \n",
       "...          ...        ...          ...      ...       ...     ...    ...   \n",
       "113144  5.783843  51.445289  20210027300      UMS         3       7     BU   \n",
       "113147  6.821636  53.241292  20210027330      UMS         2       0     BI   \n",
       "113150  4.806394  52.453405  20210027591      UMS         3       9     BI   \n",
       "113151  4.558489  52.098595  20210027600      UMS         3       7     BI   \n",
       "113152  4.590681  52.007347  20210027602      UMS         4       0     BU   \n",
       "\n",
       "       WGD_CODE_1                  geometry  \n",
       "8               D  POINT (5.69842 51.70046)  \n",
       "16              D  POINT (5.44100 51.76105)  \n",
       "17              D  POINT (6.48667 52.90455)  \n",
       "25              D  POINT (4.42701 51.58806)  \n",
       "29              D  POINT (6.99046 53.00693)  \n",
       "...           ...                       ...  \n",
       "113144          D  POINT (5.78384 51.44529)  \n",
       "113147          D  POINT (6.82164 53.24129)  \n",
       "113150          D  POINT (4.80639 52.45340)  \n",
       "113151          D  POINT (4.55849 52.09860)  \n",
       "113152          D  POINT (4.59068 52.00735)  \n",
       "\n",
       "[26617 rows x 9 columns]"
      ]
     },
     "execution_count": 4,
     "metadata": {},
     "output_type": "execute_result"
    }
   ],
   "source": [
    "trans = Transformer.from_crs(\"ETRS89\", \"EPSG:4326\", always_xy=True)\n",
    "xx, yy = trans.transform(df2[\"X\"].values, df2[\"Y\"].values)\n",
    "\n",
    "df2[\"X\"] = xx\n",
    "df2[\"Y\"] = yy\n",
    "df2[\"X\"] = (df2[\"X\"]/64000)+3\n",
    "df2[\"Y\"] = (df2[\"Y\"]/110000)+48\n",
    "# df2.drop(columns=['X_COORD_x', 'Y_COORD_x'], inplace=True)\n",
    "\n",
    "df2=df2[['X', 'Y', 'VKL_NUMMER', 'AP3_CODE', 'ANTL_PTJ', 'AOL_ID', 'BEBKOM', 'WGD_CODE_1']]\n",
    "df2.dropna()\n",
    "gdf = gpd.GeoDataFrame(\n",
    "    df2, geometry=gpd.points_from_xy(df2.X, df2.Y))\n",
    "gdf.dropna()"
   ]
  },
  {
   "cell_type": "code",
   "execution_count": 5,
   "metadata": {},
   "outputs": [],
   "source": [
    "weer = pd.merge(weer, weer_api, on='station_id')\n",
    "weer.drop(columns=['fid', 'Unnamed: 0', 'NAME'], inplace=True)\n"
   ]
  },
  {
   "cell_type": "code",
   "execution_count": 6,
   "metadata": {},
   "outputs": [],
   "source": [
    "\n",
    "weer['datetime'] = pd.to_datetime(weer['datetime'], format='%Y-%m-%d %H:%M:%S')\n",
    "\n",
    "weer['maand'] = weer['datetime'].dt.month\n",
    "weer['dag'] = weer['datetime'].dt.day\n"
   ]
  },
  {
   "cell_type": "code",
   "execution_count": 7,
   "metadata": {},
   "outputs": [],
   "source": [
    "weer['m/d/STN'] =weer['maand'].astype(str) + '/' + weer['dag'].astype(str)+ '/' + weer['STN'].astype(str)\n"
   ]
  },
  {
   "cell_type": "code",
   "execution_count": 8,
   "metadata": {},
   "outputs": [
    {
     "name": "stderr",
     "output_type": "stream",
     "text": [
      "C:\\Users\\tjibb\\AppData\\Local\\Temp\\ipykernel_22208\\216662622.py:1: FutureWarning: Indexing with multiple keys (implicitly converted to a tuple of keys) will be deprecated, use a list instead.\n",
      "  weer2=weer.groupby('m/d/STN')[\"Windsnelheid (km/h)\", 'Windrichting (Graden)', 'Luchtdruk (ps)', 'Zichtbaarheid (Decimeter ver kunnen kijken)',\n"
     ]
    }
   ],
   "source": [
    "weer2=weer.groupby('m/d/STN')[\"Windsnelheid (km/h)\", 'Windrichting (Graden)', 'Luchtdruk (ps)', 'Zichtbaarheid (Decimeter ver kunnen kijken)', \n",
    "                         'Regenval (mm/h)','Temperatuur (C)', 'Weercode', 'STN'].median()"
   ]
  },
  {
   "cell_type": "code",
   "execution_count": 9,
   "metadata": {},
   "outputs": [],
   "source": [
    "weer3 = weer[['STN', 'geometry']]\n",
    "\n",
    "weer3 = weer3.drop_duplicates()\n",
    "\n",
    "weer4 = pd.merge(weer2, weer3, on='STN')\n",
    "\n",
    "weer_omtemergen= weer4\n",
    "\n",
    "gdf = gdf.dropna()\n",
    "\n",
    "weer_omtemergen = gpd.GeoDataFrame(weer_omtemergen, geometry=(weer_omtemergen['geometry']))"
   ]
  },
  {
   "cell_type": "code",
   "execution_count": 10,
   "metadata": {},
   "outputs": [],
   "source": [
    "merged_gdf = gpd.sjoin(gdf, weer_omtemergen, predicate='within')\n"
   ]
  },
  {
   "cell_type": "code",
   "execution_count": 11,
   "metadata": {},
   "outputs": [],
   "source": [
    "# # Plot de punten\n",
    "# plt.scatter(merged_gdf['X'], merged_gdf['Y'], color='red', label='Punten')\n",
    "\n",
    "# # Toon de plot\n",
    "# plt.show()"
   ]
  },
  {
   "cell_type": "code",
   "execution_count": 27,
   "metadata": {},
   "outputs": [
    {
     "data": {
      "application/vnd.plotly.v1+json": {
       "config": {
        "plotlyServerURL": "https://plot.ly"
       },
       "data": [
        {
         "colorscale": [
          [
           0,
           "rgb(247,251,255)"
          ],
          [
           0.125,
           "rgb(222,235,247)"
          ],
          [
           0.25,
           "rgb(198,219,239)"
          ],
          [
           0.375,
           "rgb(158,202,225)"
          ],
          [
           0.5,
           "rgb(107,174,214)"
          ],
          [
           0.625,
           "rgb(66,146,198)"
          ],
          [
           0.75,
           "rgb(33,113,181)"
          ],
          [
           0.875,
           "rgb(8,81,156)"
          ],
          [
           1,
           "rgb(8,48,107)"
          ]
         ],
         "hoverongaps": true,
         "text": [
          [
           1,
           -0.038352242886422985,
           -0.021886035025582347,
           -0.02179315194828693,
           -0.02095354635934146,
           0.015575606701579085,
           0.00010057659009401218,
           -0.018331468039560594,
           0.0025431230141798383,
           -0.004642742593467718
          ],
          [
           -0.038352242886422985,
           1,
           -0.0033632090837471453,
           -0.0010359305108058785,
           0.002265577800212825,
           -0.02057280125896754,
           -0.0019105583995594757,
           0.02578380917948215,
           -0.0028636561002028426,
           0.024180196400174898
          ],
          [
           -0.021886035025582347,
           -0.0033632090837471453,
           1,
           0.7377068481890835,
           0.3552784591583139,
           -0.08752966992432895,
           0.006159980811388801,
           0.18645234119110105,
           0.04050366749961862,
           -0.23766349469863032
          ],
          [
           -0.02179315194828693,
           -0.0010359305108058785,
           0.7377068481890835,
           1,
           0.39191643022030365,
           -0.028191305345240038,
           -0.009450630001499125,
           0.29340495214446416,
           -0.0008146532484609017,
           -0.08080038145288915
          ],
          [
           -0.02095354635934146,
           0.002265577800212825,
           0.3552784591583139,
           0.39191643022030365,
           1,
           0.1809240318018601,
           0.014421912228476006,
           0.32416156916904726,
           0.017046957420523524,
           -0.11221897519344294
          ],
          [
           0.015575606701579085,
           -0.02057280125896754,
           -0.08752966992432895,
           -0.028191305345240038,
           0.1809240318018601,
           1,
           -0.0170552193095312,
           -0.185862915624581,
           0.007057721998333152,
           -0.2832389807503916
          ],
          [
           0.00010057659009401218,
           -0.0019105583995594757,
           0.006159980811388801,
           -0.009450630001499125,
           0.014421912228476006,
           -0.0170552193095312,
           1,
           -0.010465152715327592,
           0.39032629261149143,
           -0.012615784768829779
          ],
          [
           -0.018331468039560594,
           0.02578380917948215,
           0.18645234119110105,
           0.29340495214446416,
           0.32416156916904726,
           -0.185862915624581,
           -0.010465152715327592,
           1,
           -0.04761274369623633,
           0.5114505978421986
          ],
          [
           0.0025431230141798383,
           -0.0028636561002028426,
           0.04050366749961862,
           -0.0008146532484609017,
           0.017046957420523524,
           0.007057721998333152,
           0.39032629261149143,
           -0.04761274369623633,
           1,
           -0.020906811684344818
          ],
          [
           -0.004642742593467718,
           0.024180196400174898,
           -0.23766349469863032,
           -0.08080038145288915,
           -0.11221897519344294,
           -0.2832389807503916,
           -0.012615784768829779,
           0.5114505978421986,
           -0.020906811684344818,
           1
          ]
         ],
         "type": "heatmap",
         "x": [
          "ANTL_PTJ",
          "AOL_ID",
          "Windsnelheid (km/h)",
          "Windrichting (Graden)",
          "Luchtdruk (ps)",
          "Zichtbaarheid (Decimeter ver kunnen kijken)",
          "Regenval (mm/h)",
          "Temperatuur (C)",
          "Weercode",
          "STN"
         ],
         "y": [
          "ANTL_PTJ",
          "AOL_ID",
          "Windsnelheid (km/h)",
          "Windrichting (Graden)",
          "Luchtdruk (ps)",
          "Zichtbaarheid (Decimeter ver kunnen kijken)",
          "Regenval (mm/h)",
          "Temperatuur (C)",
          "Weercode",
          "STN"
         ],
         "z": [
          [
           1,
           -0.038352242886422985,
           -0.021886035025582347,
           -0.02179315194828693,
           -0.02095354635934146,
           0.015575606701579085,
           0.00010057659009401218,
           -0.018331468039560594,
           0.0025431230141798383,
           -0.004642742593467718
          ],
          [
           -0.038352242886422985,
           1,
           -0.0033632090837471453,
           -0.0010359305108058785,
           0.002265577800212825,
           -0.02057280125896754,
           -0.0019105583995594757,
           0.02578380917948215,
           -0.0028636561002028426,
           0.024180196400174898
          ],
          [
           -0.021886035025582347,
           -0.0033632090837471453,
           1,
           0.7377068481890835,
           0.3552784591583139,
           -0.08752966992432895,
           0.006159980811388801,
           0.18645234119110105,
           0.04050366749961862,
           -0.23766349469863032
          ],
          [
           -0.02179315194828693,
           -0.0010359305108058785,
           0.7377068481890835,
           1,
           0.39191643022030365,
           -0.028191305345240038,
           -0.009450630001499125,
           0.29340495214446416,
           -0.0008146532484609017,
           -0.08080038145288915
          ],
          [
           -0.02095354635934146,
           0.002265577800212825,
           0.3552784591583139,
           0.39191643022030365,
           1,
           0.1809240318018601,
           0.014421912228476006,
           0.32416156916904726,
           0.017046957420523524,
           -0.11221897519344294
          ],
          [
           0.015575606701579085,
           -0.02057280125896754,
           -0.08752966992432895,
           -0.028191305345240038,
           0.1809240318018601,
           1,
           -0.0170552193095312,
           -0.185862915624581,
           0.007057721998333152,
           -0.2832389807503916
          ],
          [
           0.00010057659009401218,
           -0.0019105583995594757,
           0.006159980811388801,
           -0.009450630001499125,
           0.014421912228476006,
           -0.0170552193095312,
           1,
           -0.010465152715327592,
           0.39032629261149143,
           -0.012615784768829779
          ],
          [
           -0.018331468039560594,
           0.02578380917948215,
           0.18645234119110105,
           0.29340495214446416,
           0.32416156916904726,
           -0.185862915624581,
           -0.010465152715327592,
           1,
           -0.04761274369623633,
           0.5114505978421986
          ],
          [
           0.0025431230141798383,
           -0.0028636561002028426,
           0.04050366749961862,
           -0.0008146532484609017,
           0.017046957420523524,
           0.007057721998333152,
           0.39032629261149143,
           -0.04761274369623633,
           1,
           -0.020906811684344818
          ],
          [
           -0.004642742593467718,
           0.024180196400174898,
           -0.23766349469863032,
           -0.08080038145288915,
           -0.11221897519344294,
           -0.2832389807503916,
           -0.012615784768829779,
           0.5114505978421986,
           -0.020906811684344818,
           1
          ]
         ],
         "zmax": 1,
         "zmin": 0
        }
       ],
       "layout": {
        "template": {
         "data": {
          "bar": [
           {
            "error_x": {
             "color": "#2a3f5f"
            },
            "error_y": {
             "color": "#2a3f5f"
            },
            "marker": {
             "line": {
              "color": "#E5ECF6",
              "width": 0.5
             },
             "pattern": {
              "fillmode": "overlay",
              "size": 10,
              "solidity": 0.2
             }
            },
            "type": "bar"
           }
          ],
          "barpolar": [
           {
            "marker": {
             "line": {
              "color": "#E5ECF6",
              "width": 0.5
             },
             "pattern": {
              "fillmode": "overlay",
              "size": 10,
              "solidity": 0.2
             }
            },
            "type": "barpolar"
           }
          ],
          "carpet": [
           {
            "aaxis": {
             "endlinecolor": "#2a3f5f",
             "gridcolor": "white",
             "linecolor": "white",
             "minorgridcolor": "white",
             "startlinecolor": "#2a3f5f"
            },
            "baxis": {
             "endlinecolor": "#2a3f5f",
             "gridcolor": "white",
             "linecolor": "white",
             "minorgridcolor": "white",
             "startlinecolor": "#2a3f5f"
            },
            "type": "carpet"
           }
          ],
          "choropleth": [
           {
            "colorbar": {
             "outlinewidth": 0,
             "ticks": ""
            },
            "type": "choropleth"
           }
          ],
          "contour": [
           {
            "colorbar": {
             "outlinewidth": 0,
             "ticks": ""
            },
            "colorscale": [
             [
              0,
              "#0d0887"
             ],
             [
              0.1111111111111111,
              "#46039f"
             ],
             [
              0.2222222222222222,
              "#7201a8"
             ],
             [
              0.3333333333333333,
              "#9c179e"
             ],
             [
              0.4444444444444444,
              "#bd3786"
             ],
             [
              0.5555555555555556,
              "#d8576b"
             ],
             [
              0.6666666666666666,
              "#ed7953"
             ],
             [
              0.7777777777777778,
              "#fb9f3a"
             ],
             [
              0.8888888888888888,
              "#fdca26"
             ],
             [
              1,
              "#f0f921"
             ]
            ],
            "type": "contour"
           }
          ],
          "contourcarpet": [
           {
            "colorbar": {
             "outlinewidth": 0,
             "ticks": ""
            },
            "type": "contourcarpet"
           }
          ],
          "heatmap": [
           {
            "colorbar": {
             "outlinewidth": 0,
             "ticks": ""
            },
            "colorscale": [
             [
              0,
              "#0d0887"
             ],
             [
              0.1111111111111111,
              "#46039f"
             ],
             [
              0.2222222222222222,
              "#7201a8"
             ],
             [
              0.3333333333333333,
              "#9c179e"
             ],
             [
              0.4444444444444444,
              "#bd3786"
             ],
             [
              0.5555555555555556,
              "#d8576b"
             ],
             [
              0.6666666666666666,
              "#ed7953"
             ],
             [
              0.7777777777777778,
              "#fb9f3a"
             ],
             [
              0.8888888888888888,
              "#fdca26"
             ],
             [
              1,
              "#f0f921"
             ]
            ],
            "type": "heatmap"
           }
          ],
          "heatmapgl": [
           {
            "colorbar": {
             "outlinewidth": 0,
             "ticks": ""
            },
            "colorscale": [
             [
              0,
              "#0d0887"
             ],
             [
              0.1111111111111111,
              "#46039f"
             ],
             [
              0.2222222222222222,
              "#7201a8"
             ],
             [
              0.3333333333333333,
              "#9c179e"
             ],
             [
              0.4444444444444444,
              "#bd3786"
             ],
             [
              0.5555555555555556,
              "#d8576b"
             ],
             [
              0.6666666666666666,
              "#ed7953"
             ],
             [
              0.7777777777777778,
              "#fb9f3a"
             ],
             [
              0.8888888888888888,
              "#fdca26"
             ],
             [
              1,
              "#f0f921"
             ]
            ],
            "type": "heatmapgl"
           }
          ],
          "histogram": [
           {
            "marker": {
             "pattern": {
              "fillmode": "overlay",
              "size": 10,
              "solidity": 0.2
             }
            },
            "type": "histogram"
           }
          ],
          "histogram2d": [
           {
            "colorbar": {
             "outlinewidth": 0,
             "ticks": ""
            },
            "colorscale": [
             [
              0,
              "#0d0887"
             ],
             [
              0.1111111111111111,
              "#46039f"
             ],
             [
              0.2222222222222222,
              "#7201a8"
             ],
             [
              0.3333333333333333,
              "#9c179e"
             ],
             [
              0.4444444444444444,
              "#bd3786"
             ],
             [
              0.5555555555555556,
              "#d8576b"
             ],
             [
              0.6666666666666666,
              "#ed7953"
             ],
             [
              0.7777777777777778,
              "#fb9f3a"
             ],
             [
              0.8888888888888888,
              "#fdca26"
             ],
             [
              1,
              "#f0f921"
             ]
            ],
            "type": "histogram2d"
           }
          ],
          "histogram2dcontour": [
           {
            "colorbar": {
             "outlinewidth": 0,
             "ticks": ""
            },
            "colorscale": [
             [
              0,
              "#0d0887"
             ],
             [
              0.1111111111111111,
              "#46039f"
             ],
             [
              0.2222222222222222,
              "#7201a8"
             ],
             [
              0.3333333333333333,
              "#9c179e"
             ],
             [
              0.4444444444444444,
              "#bd3786"
             ],
             [
              0.5555555555555556,
              "#d8576b"
             ],
             [
              0.6666666666666666,
              "#ed7953"
             ],
             [
              0.7777777777777778,
              "#fb9f3a"
             ],
             [
              0.8888888888888888,
              "#fdca26"
             ],
             [
              1,
              "#f0f921"
             ]
            ],
            "type": "histogram2dcontour"
           }
          ],
          "mesh3d": [
           {
            "colorbar": {
             "outlinewidth": 0,
             "ticks": ""
            },
            "type": "mesh3d"
           }
          ],
          "parcoords": [
           {
            "line": {
             "colorbar": {
              "outlinewidth": 0,
              "ticks": ""
             }
            },
            "type": "parcoords"
           }
          ],
          "pie": [
           {
            "automargin": true,
            "type": "pie"
           }
          ],
          "scatter": [
           {
            "fillpattern": {
             "fillmode": "overlay",
             "size": 10,
             "solidity": 0.2
            },
            "type": "scatter"
           }
          ],
          "scatter3d": [
           {
            "line": {
             "colorbar": {
              "outlinewidth": 0,
              "ticks": ""
             }
            },
            "marker": {
             "colorbar": {
              "outlinewidth": 0,
              "ticks": ""
             }
            },
            "type": "scatter3d"
           }
          ],
          "scattercarpet": [
           {
            "marker": {
             "colorbar": {
              "outlinewidth": 0,
              "ticks": ""
             }
            },
            "type": "scattercarpet"
           }
          ],
          "scattergeo": [
           {
            "marker": {
             "colorbar": {
              "outlinewidth": 0,
              "ticks": ""
             }
            },
            "type": "scattergeo"
           }
          ],
          "scattergl": [
           {
            "marker": {
             "colorbar": {
              "outlinewidth": 0,
              "ticks": ""
             }
            },
            "type": "scattergl"
           }
          ],
          "scattermapbox": [
           {
            "marker": {
             "colorbar": {
              "outlinewidth": 0,
              "ticks": ""
             }
            },
            "type": "scattermapbox"
           }
          ],
          "scatterpolar": [
           {
            "marker": {
             "colorbar": {
              "outlinewidth": 0,
              "ticks": ""
             }
            },
            "type": "scatterpolar"
           }
          ],
          "scatterpolargl": [
           {
            "marker": {
             "colorbar": {
              "outlinewidth": 0,
              "ticks": ""
             }
            },
            "type": "scatterpolargl"
           }
          ],
          "scatterternary": [
           {
            "marker": {
             "colorbar": {
              "outlinewidth": 0,
              "ticks": ""
             }
            },
            "type": "scatterternary"
           }
          ],
          "surface": [
           {
            "colorbar": {
             "outlinewidth": 0,
             "ticks": ""
            },
            "colorscale": [
             [
              0,
              "#0d0887"
             ],
             [
              0.1111111111111111,
              "#46039f"
             ],
             [
              0.2222222222222222,
              "#7201a8"
             ],
             [
              0.3333333333333333,
              "#9c179e"
             ],
             [
              0.4444444444444444,
              "#bd3786"
             ],
             [
              0.5555555555555556,
              "#d8576b"
             ],
             [
              0.6666666666666666,
              "#ed7953"
             ],
             [
              0.7777777777777778,
              "#fb9f3a"
             ],
             [
              0.8888888888888888,
              "#fdca26"
             ],
             [
              1,
              "#f0f921"
             ]
            ],
            "type": "surface"
           }
          ],
          "table": [
           {
            "cells": {
             "fill": {
              "color": "#EBF0F8"
             },
             "line": {
              "color": "white"
             }
            },
            "header": {
             "fill": {
              "color": "#C8D4E3"
             },
             "line": {
              "color": "white"
             }
            },
            "type": "table"
           }
          ]
         },
         "layout": {
          "annotationdefaults": {
           "arrowcolor": "#2a3f5f",
           "arrowhead": 0,
           "arrowwidth": 1
          },
          "autotypenumbers": "strict",
          "coloraxis": {
           "colorbar": {
            "outlinewidth": 0,
            "ticks": ""
           }
          },
          "colorscale": {
           "diverging": [
            [
             0,
             "#8e0152"
            ],
            [
             0.1,
             "#c51b7d"
            ],
            [
             0.2,
             "#de77ae"
            ],
            [
             0.3,
             "#f1b6da"
            ],
            [
             0.4,
             "#fde0ef"
            ],
            [
             0.5,
             "#f7f7f7"
            ],
            [
             0.6,
             "#e6f5d0"
            ],
            [
             0.7,
             "#b8e186"
